18462590
18462838
18462912
18463160
18463010
18462787
18463226
18463090
18462764
18462690
18462548
18462932
18463282
18462840
18463235
18462774
18462708
18463091
18462956
18462920
18462510
18463015
18462529
18463164
18462653
18462483
18462597
18462984
18463083
18463277
18462817
18462574
18462896
18462946
18462711
18462557
18462579
18462884
18462530
18462861
18462913
18462845
18462810
18462929
18462715
18463292
18463211
18463319
18463326
18462819
18462820
18463141
18463155
18463254
18462511
18462775
18462658
18462575
18463022
18462492
18462740
18462788
18462834
18462504
18463025
18463074
18462776
18462639
18463122
18463215
18462862
18463084
18462615
18462486
18462777
18462491
18462744
18463053
18463315
18462512
18462808
18462493
18463123
18463020
18462789
18463138
18462921
18463224
18462627
18462885
18463317
18462973
18463001
18463004
18462607
18462553
18463337
18463054
18462879
18462608
18463195
18463310
18462957
18462888
18462951
18463146
18463212
18462531
18462558
18462904
18463278
18463127
18463283
18462695
18463240
18462604
18462484
18462644
18462640
18463191
18462827
18462605
18463316
18462846
18462616
18462972
18462835
18463320
18463255
18463011
18462922
18462609
18463245
18462795
18463095
18462799
18463207
18463096
18463058
18462800
18462960
18462874
18462571
18462804
18463279
18462544
18462671
18463227
18462617
18462815
18463068
18462752
18462731
18462937
18462759
18463101
18463069
18462880
18462703
18462500
18463156
18462961
18463032
18463264
18462721
18463050
18462830
18462753
18463165
18463042
18463180
18462909
18462821
18462881
18463327
18463002
18462549
18462666
18462525
18463012
18463070
18462996
18463331
18463147
18462745
18462674
18462886
18462501
18463078
18463270
18463321
18462732
18463043
18462545
18462559
18462662
18463213
18463341
18462967
18462560
18462968
18463055
18463169
18462676
18463265
18463142
18462696
18463170
18462576
18462526
18462754
18462863
18463246
18463271
18464739
18463133
18462620
18462997
18462733
18462828
18463037
18463079
18463214
18463200
18462985
18462618
18463134
18462958
18462654
18462870
18462829
18462636
18462867
18463059
18462726
18462586
18463060
18462962
18462528
18462947
18462598
18462550
18462790
18463311
18463076
18463080
18462824
18462621
18462841
18462506
18463166
18463092
18462649
18462701
18463296
18462923
18462509
18462687
18463275
18462998
18463109
18462505
18462581
18462875
18462855
18462704
18462727
18462591
18463097
18462882
18462667
18462641
18462978
18463196
18463280
18462502
18463110
18463157
18462659
18462999
18462682
18462722
18462702
18462539
18462939
18463017
18462554
18463086
18463087
18463182
18463111
18462868
18463185
18463218
18463236
18463048
18463259
18463181
18462969
18462869
18462700
18463267
18462970
18463135
18463241
18462805
18462660
18463284
18462642
18463071
18462577
18462760
18463230
18462988
18463158
18462901
18463081
18462578
18462565
18462897
18462734
18463021
18463114
18462779
18462485
18463038
18463237
18462856
18463136
18463222
18463287
18463285
18462592
18462555
18462941
18462952
18462959
18463352
18462683
18463256
18462602
18463297
18462524
18462864
18463298
18462697
18462535
18463124
18462741
18462672
18463201
18462831
18462679
18463026
18462971
18463115
18463312
18463242
18462883
18463119
18463005
18462930
18462712
18462953
18462612
18463197
18463148
18463299
18462780
18462982
18462954
18463102
18463088
18462684
18463260
18462507
18462561
18462857
18463243
18462698
18463343
18463103
18462974
18462755
18462487
18463192
18462842
18462796
18462645
18462582
18463049
18463056
18462889
18462632
18462825
18462742
18462948
18462518
18462792
18462761
18463175
18463188
18463051
18462675
18462610
18463131
18462963
18462809
18463186
18462797
18462633
18462935
18463244
18462925
18462756
18462793
18462713
22361263
18462625
18463261
18462482
18463304
18463300
18462490
18462655
18463293
18463089
18462898
18463013
18462673
18462593
18462768
18463257
18462562
18462540
18463338
18462843
18463346
18462692
18463072
18462628
18462769
18462488
18462924
18462691
18462770
18462728
18463262
18463065
18463143
18462587
18463249
18463220
18462716
18463159
18463247
18462717
18465277
18463272
18463176
18463332
18462709
18462668
18462993
18462643
18462942
18462613
18463189
18463137
18463288
18463066
18463161
18462693
18462844
18463039
18462936
18462832
18462893
18462748
18462556
18463112
18463294
18462994
18462588
18462762
18462497
18463216
18463202
18462594
18463033
18462515
18462661
18462583
18463177
18463198
18462541
18463266
18462871
18462865
18463151
18462836
18462546
18462599
18462902
18463313
18462623
18463233
18462694
18463323
18463018
18462489
18463305
18463238
18462979
18463044
18463328
18463061
18463193
18462989
18463301
18462736
18463329
18462894
18462910
18462778
18462648
18462917
18463162
18462933
18462735
18462833
18463067
18462606
18463178
18462685
18462771
18462895
18462663
18463231
18462714
18462782
18462872
18462914
18462811
18462600
18462995
18463334
18462650
18462622
18462980
18462763
18462783
18463057
18462656
18463003
18462746
18462719
18463040
18462975
18463344
18462516
18462965
18463268
18462677
18463014
18462943
18463239
18463204
18462629
18463203
18462686
18463163
18462849
18462899
18462680
18462603
18463217
18463113
18463144
18462637
18463225
18463128
18463350
18463353
18462934
18463116
18463314
18463232
18462538
18468034
18462705
18462743
18462806
18462990
18463286
18462523
18463098
18463016
18462964
18463007
18463205
18463077
18462949
18463263
18463302
18463008
18463046
18463179
18462986
18462563
18463173
18462601
18462772
18462611
18462791
18463029
18462890
18462915
18462908
18462730
18462495
18463324
18462850
18462766
18463063
18462513
18462517
18463019
18463303
18462737
18463129
18462508
18463208
18462536
18463347
18463318
18462657
18463333
18462738
18462710
18462891
18462892
18462669
18462784
18463030
18462566
18462569
18463152
18463149
18462822
18462785
18463354
18462630
18462527
18462503
18462688
18463027
18463335
18463308
18462905
18462906
18463309
18463106
18463099
18463348
18462520
18463190
18469255
18462976
18463199
18463100
18462614
18463023
18463024
18463047
18462918
18462749
18462858
18462750
18463269
18462907
18462916
18462751
18462589
18463052
18462652
18462801
18462567
18462739
122245702
18463073
18462595
18463273
18462900
18463258
18463223
18462626
18462851
18462532
18462670
18462665
18463336
18462981
18463125
18463045
18463274
18462498
18463150
18463234
18462537
18463206
18463306
18463140
18462678
18462634
18463062
18463289
18463221
18463250
18463075
18462635
18462938
18462651
18463248
18463167
18462547
18462852
18462876
18462940
18462802
18463093
18462944
18463210
18463130
18463168
18462798
18463028
18463171
18463009
18463229
18462514
18462955
18463295
18462572
18463339
18463000
18462584
18462494
18462619
18462723
18462991
18462945
18462580
18462983
18463126
18462823
18462729
18463034
18463117
18463094
18463132
18462987
18462794
18463345
18463105
18462816
18462706
18463064
18463085
18462866
18463183
18462533
18462638
18462681
18463108
18462519
18462707
18462781
18462859
18462877
18463330
18462854
18462803
18462499
18463281
18462646
18462596
18463253
18463290
18463184
18462699
18463251
18462853
18462807
18462568
18463031
18462724
18463276
18462878
18462839
18462966
18463355
18462926
18463252
18462847
18463349
18463041
18463291
18462927
18463209
18462813
18462585
18463340
18462542
18462931
18462765
18463036
18462725
18462521
18462689
18462928
18462522
18463194
18462631
18463153
18463082
18462919
18463154
18463342
18462757
18463307
18462826
18462903
18463351
18463118
18462977
18463120
18462624
18462551
18463322
18463145
18463121
18462720
18463187
18462552
18463325
18463035
18462543
18463174
18462570
18462873
18462718
18462887
18462647
18462564
18462818
18463219
18463172
18462573
18462837
18462786
18462758
18462860
18462747
18462950
18462992
18462664
18462773
18462911
18462767
18462848
18463006
18462814